Linux 5.13.0-48-generic (user-desktop) 	13/06/22 	_x86_64_	(4 CPU)

01:57:31      UID       PID  minflt/s  majflt/s     VSZ     RSS   %MEM  Command
01:57:32     1000     43904      0,00      0,00 2250160   53956   0,33  envoy
01:57:33     1000     43904      0,00      0,00 2250160   53956   0,33  envoy
01:57:34     1000     43904      0,00      0,00 2250160   53956   0,33  envoy
01:57:35     1000     43904      0,00      0,00 2250160   53956   0,33  envoy
01:57:36     1000     43904      0,00      0,00 2250160   53956   0,33  envoy
01:57:37     1000     43904      0,00      0,00 2250160   53956   0,33  envoy
01:57:38     1000     43904      0,00      0,00 2250160   53956   0,33  envoy
01:57:39     1000     43904      0,00      0,00 2250160   53956   0,33  envoy
01:57:40     1000     43904      0,00      0,00 2250160   53956   0,33  envoy
01:57:41     1000     43904      0,00      0,00 2250160   53956   0,33  envoy
01:57:42     1000     43904      0,00      0,00 2250160   53956   0,33  envoy
01:57:43     1000     43904      0,00      0,00 2250160   53956   0,33  envoy
01:57:44     1000     43904      0,00      0,00 2250160   53956   0,33  envoy
01:57:45     1000     43904      0,00      0,00 2250160   53956   0,33  envoy
01:57:46     1000     43904      0,00      0,00 2250160   53956   0,33  envoy
01:57:47     1000     43904      0,00      0,00 2250160   53956   0,33  envoy
01:57:48     1000     43904      0,00      0,00 2250160   53956   0,33  envoy
01:57:49     1000     43904      0,00      0,00 2250160   53956   0,33  envoy
01:57:50     1000     43904      0,00      0,00 2250160   53956   0,33  envoy
01:57:51     1000     43904      0,00      0,00 2250160   53956   0,33  envoy
01:57:52     1000     43904      0,00      0,00 2250160   53956   0,33  envoy
01:57:53     1000     43904      0,00      0,00 2250160   53956   0,33  envoy
01:57:54     1000     43904      0,00      0,00 2250160   53956   0,33  envoy
01:57:55     1000     43904      0,00      0,00 2250160   53956   0,33  envoy
01:57:56     1000     43904      0,00      0,00 2250160   53956   0,33  envoy
01:57:57     1000     43904      0,00      0,00 2250160   53956   0,33  envoy
01:57:58     1000     43904      0,00      0,00 2250160   53956   0,33  envoy
01:57:59     1000     43904      0,00      0,00 2250160   53956   0,33  envoy
01:58:00     1000     43904      0,00      0,00 2250160   53956   0,33  envoy
01:58:01     1000     43904      0,00      0,00 2250160   53956   0,33  envoy
01:58:02     1000     43904      0,00      0,00 2250160   53956   0,33  envoy
01:58:03     1000     43904      0,00      0,00 2250160   53956   0,33  envoy
01:58:04     1000     43904      0,00      0,00 2250160   53956   0,33  envoy
01:58:05     1000     43904      0,00      0,00 2250160   53956   0,33  envoy
01:58:06     1000     43904      0,00      0,00 2250160   53956   0,33  envoy
01:58:07     1000     43904      0,00      0,00 2250160   53956   0,33  envoy
01:58:08     1000     43904      0,00      0,00 2250160   53956   0,33  envoy
01:58:09     1000     43904      0,00      0,00 2250160   53956   0,33  envoy
01:58:10     1000     43904      0,00      0,00 2250160   53956   0,33  envoy
01:58:11     1000     43904      0,00      0,00 2250160   53956   0,33  envoy
01:58:12     1000     43904      0,00      0,00 2250160   53956   0,33  envoy
01:58:13     1000     43904      0,00      0,00 2250160   53956   0,33  envoy
01:58:14     1000     43904      0,00      0,00 2250160   53956   0,33  envoy
01:58:15     1000     43904      0,00      0,00 2250160   53956   0,33  envoy
01:58:16     1000     43904      0,00      0,00 2250160   53956   0,33  envoy
01:58:17     1000     43904      0,00      0,00 2250160   53956   0,33  envoy
01:58:18     1000     43904      0,00      0,00 2250160   53956   0,33  envoy
01:58:19     1000     43904      0,00      0,00 2250160   53956   0,33  envoy
01:58:20     1000     43904      0,00      0,00 2250160   53956   0,33  envoy
01:58:21     1000     43904      0,00      0,00 2250160   53956   0,33  envoy
01:58:22     1000     43904      0,00      0,00 2250160   53956   0,33  envoy
01:58:23     1000     43904      0,00      0,00 2250160   53956   0,33  envoy
01:58:24     1000     43904      0,00      0,00 2250160   53956   0,33  envoy
01:58:25     1000     43904      0,00      0,00 2250160   53956   0,33  envoy
01:58:26     1000     43904      0,00      0,00 2250160   53956   0,33  envoy
01:58:27     1000     43904      0,00      0,00 2250160   53956   0,33  envoy
01:58:28     1000     43904      0,00      0,00 2250160   53956   0,33  envoy
01:58:29     1000     43904      0,00      0,00 2250160   53956   0,33  envoy
01:58:30     1000     43904      0,00      0,00 2250160   53956   0,33  envoy
01:58:31     1000     43904      0,00      0,00 2250160   53956   0,33  envoy
01:58:32     1000     43904      0,00      0,00 2250160   53956   0,33  envoy
Average:     1000     43904      0,00      0,00 2250160   53956   0,33  envoy
