Linux 5.13.0-48-generic (user-desktop) 	13/06/22 	_x86_64_	(4 CPU)

01:59:30      UID       PID  minflt/s  majflt/s     VSZ     RSS   %MEM  Command
01:59:31     1000     43904      0,00      0,00 2250160   53956   0,33  envoy
01:59:32     1000     43904      0,00      0,00 2250160   53956   0,33  envoy
01:59:33     1000     43904      0,00      0,00 2250160   53956   0,33  envoy
01:59:34     1000     43904      0,00      0,00 2250160   53956   0,33  envoy
01:59:35     1000     43904      0,00      0,00 2250160   53956   0,33  envoy
01:59:36     1000     43904      0,00      0,00 2250160   53956   0,33  envoy
01:59:37     1000     43904      0,00      0,00 2250160   53956   0,33  envoy
01:59:38     1000     43904      0,00      0,00 2250160   53956   0,33  envoy
01:59:39     1000     43904      0,00      0,00 2250160   53956   0,33  envoy
01:59:40     1000     43904      0,00      0,00 2250160   53956   0,33  envoy
01:59:41     1000     43904      0,00      0,00 2250160   53956   0,33  envoy
01:59:42     1000     43904      0,00      0,00 2250160   53956   0,33  envoy
01:59:43     1000     43904      0,00      0,00 2250160   53956   0,33  envoy
01:59:44     1000     43904      0,00      0,00 2250160   53956   0,33  envoy
01:59:45     1000     43904      0,00      0,00 2250160   53956   0,33  envoy
01:59:46     1000     43904      0,00      0,00 2250160   53956   0,33  envoy
01:59:47     1000     43904      0,00      0,00 2250160   53956   0,33  envoy
01:59:48     1000     43904      0,00      0,00 2250160   53956   0,33  envoy
01:59:49     1000     43904      0,00      0,00 2250160   53956   0,33  envoy
01:59:50     1000     43904      0,00      0,00 2250160   53956   0,33  envoy
01:59:51     1000     43904      0,00      0,00 2250160   53956   0,33  envoy
01:59:52     1000     43904      0,00      0,00 2250160   53956   0,33  envoy
01:59:53     1000     43904      0,00      0,00 2250160   53956   0,33  envoy
01:59:54     1000     43904      0,00      0,00 2250160   53956   0,33  envoy
01:59:55     1000     43904      0,00      0,00 2250160   53956   0,33  envoy
01:59:56     1000     43904      0,00      0,00 2250160   53956   0,33  envoy
01:59:57     1000     43904      0,00      0,00 2250160   53956   0,33  envoy
01:59:58     1000     43904      0,00      0,00 2250160   53956   0,33  envoy
01:59:59     1000     43904      0,00      0,00 2250160   53956   0,33  envoy
02:00:00     1000     43904      0,00      0,00 2250160   53956   0,33  envoy
02:00:01     1000     43904      0,00      0,00 2250160   53956   0,33  envoy
02:00:02     1000     43904      0,00      0,00 2250160   53956   0,33  envoy
02:00:03     1000     43904      0,00      0,00 2250160   53956   0,33  envoy
02:00:04     1000     43904      0,00      0,00 2250160   53956   0,33  envoy
02:00:05     1000     43904      0,00      0,00 2250160   53956   0,33  envoy
02:00:06     1000     43904      0,00      0,00 2250160   53956   0,33  envoy
02:00:07     1000     43904      0,00      0,00 2250160   53956   0,33  envoy
02:00:08     1000     43904      0,00      0,00 2250160   53956   0,33  envoy
02:00:09     1000     43904      0,00      0,00 2250160   53956   0,33  envoy
02:00:10     1000     43904      0,00      0,00 2250160   53956   0,33  envoy
02:00:11     1000     43904      0,00      0,00 2250160   53956   0,33  envoy
02:00:12     1000     43904      0,00      0,00 2250160   53956   0,33  envoy
02:00:13     1000     43904      0,00      0,00 2250160   53956   0,33  envoy
02:00:14     1000     43904      0,00      0,00 2250160   53956   0,33  envoy
02:00:15     1000     43904      0,00      0,00 2250160   53956   0,33  envoy
02:00:16     1000     43904      0,00      0,00 2250160   53956   0,33  envoy
02:00:17     1000     43904      0,00      0,00 2250160   53956   0,33  envoy
02:00:18     1000     43904      0,00      0,00 2250160   53956   0,33  envoy
02:00:19     1000     43904      0,00      0,00 2250160   53956   0,33  envoy
02:00:20     1000     43904      0,00      0,00 2250160   53956   0,33  envoy
02:00:21     1000     43904      0,00      0,00 2250160   53956   0,33  envoy
02:00:22     1000     43904      0,00      0,00 2250160   53956   0,33  envoy
02:00:23     1000     43904     21,00      0,00 2250160   54220   0,33  envoy
02:00:24     1000     43904      0,00      0,00 2250160   54220   0,33  envoy
02:00:25     1000     43904      0,00      0,00 2250160   54220   0,33  envoy
02:00:26     1000     43904      0,00      0,00 2250160   54220   0,33  envoy
02:00:27     1000     43904      0,00      0,00 2250160   54220   0,33  envoy
02:00:28     1000     43904      0,00      0,00 2250160   54220   0,33  envoy
02:00:29     1000     43904      0,00      0,00 2250160   54220   0,33  envoy
02:00:30     1000     43904      0,00      0,00 2250160   54220   0,33  envoy
02:00:31     1000     43904      0,00      0,00 2250160   54220   0,33  envoy
Average:     1000     43904      0,34      0,00 2250160   53995   0,33  envoy
