Linux 5.13.0-48-generic (user-desktop) 	13/06/22 	_x86_64_	(4 CPU)

02:14:54      UID       PID    %usr %system  %guest   %wait    %CPU   CPU  Command
02:14:55     1000     57502    5,00    0,00    0,00    0,00    5,00     1  envoy
02:14:56     1000     57502   21,00    0,00    0,00    0,00   21,00     1  envoy
02:14:57     1000     57502   20,00    0,00    0,00    0,00   20,00     1  envoy
02:14:58     1000     57502   18,00    3,00    0,00    0,00   21,00     1  envoy
02:14:59     1000     57502   17,00    4,00    0,00    0,00   21,00     1  envoy
02:15:00     1000     57502   17,00    4,00    0,00    0,00   21,00     1  envoy
02:15:01     1000     57502   22,00    0,00    0,00    0,00   22,00     1  envoy
02:15:02     1000     57502   20,00    0,00    0,00    0,00   20,00     1  envoy
02:15:03     1000     57502   20,00    1,00    0,00    0,00   21,00     1  envoy
02:15:04     1000     57502   17,00    4,00    0,00    1,00   21,00     1  envoy
02:15:05     1000     57502   21,00    1,00    0,00    0,00   22,00     1  envoy
02:15:06     1000     57502   21,00    0,00    0,00    0,00   21,00     1  envoy
02:15:07     1000     57502   15,00    6,00    0,00    0,00   21,00     1  envoy
02:15:08     1000     57502   16,00    4,00    0,00    0,00   20,00     1  envoy
02:15:09     1000     57502   17,00    4,00    0,00    0,00   21,00     1  envoy
02:15:10     1000     57502   17,00    3,00    0,00    0,00   20,00     1  envoy
02:15:11     1000     57502   17,00    4,00    0,00    0,00   21,00     1  envoy
02:15:12     1000     57502   14,00    5,00    0,00    0,00   19,00     1  envoy
02:15:13     1000     57502   14,00    5,00    0,00    0,00   19,00     1  envoy
02:15:14     1000     57502   15,00    6,00    0,00    0,00   21,00     1  envoy
02:15:15     1000     57502   15,00    4,00    0,00    0,00   19,00     1  envoy
02:15:16     1000     57502   15,00    4,00    0,00    0,00   19,00     1  envoy
02:15:17     1000     57502   13,86    7,92    0,00    0,00   21,78     1  envoy
02:15:18     1000     57502   16,00    5,00    0,00    0,00   21,00     1  envoy
02:15:19     1000     57502   17,00    5,00    0,00    0,00   22,00     1  envoy
02:15:20     1000     57502   15,00    6,00    0,00    0,00   21,00     1  envoy
02:15:21     1000     57502   13,00    6,00    0,00    1,00   19,00     1  envoy
02:15:22     1000     57502   17,00    4,00    0,00    0,00   21,00     1  envoy
02:15:23     1000     57502   16,00    4,00    0,00    1,00   20,00     1  envoy
02:15:24     1000     57502   17,00    5,00    0,00    0,00   22,00     1  envoy
02:15:25     1000     57502   14,00    7,00    0,00    0,00   21,00     1  envoy
02:15:26     1000     57502   16,00    4,00    0,00    0,00   20,00     1  envoy
02:15:27     1000     57502   17,00    5,00    0,00    0,00   22,00     1  envoy
02:15:28     1000     57502   17,00    5,00    0,00    0,00   22,00     1  envoy
02:15:29     1000     57502   17,00    5,00    0,00    1,00   22,00     1  envoy
02:15:30     1000     57502   14,00    6,00    0,00    0,00   20,00     1  envoy
02:15:31     1000     57502   15,00    4,00    0,00    0,00   19,00     1  envoy
02:15:32     1000     57502   16,00    5,00    0,00    0,00   21,00     1  envoy
02:15:33     1000     57502   17,00    5,00    0,00    0,00   22,00     1  envoy
02:15:34     1000     57502   17,00    5,00    0,00    0,00   22,00     1  envoy
02:15:35     1000     57502   20,00    1,00    0,00    0,00   21,00     1  envoy
02:15:36     1000     57502   20,00    1,00    0,00    0,00   21,00     1  envoy
02:15:37     1000     57502   18,00    4,00    0,00    0,00   22,00     1  envoy
02:15:38     1000     57502   19,00    3,00    0,00    0,00   22,00     1  envoy
02:15:39     1000     57502   17,00    4,00    0,00    0,00   21,00     1  envoy
02:15:40     1000     57502   17,00    4,00    0,00    0,00   21,00     1  envoy
02:15:41     1000     57502   15,00    6,00    0,00    1,00   21,00     1  envoy
02:15:42     1000     57502   21,00    1,00    0,00    0,00   22,00     1  envoy
02:15:43     1000     57502   21,00    0,00    0,00    0,00   21,00     1  envoy
02:15:44     1000     57502   21,00    0,00    0,00    0,00   21,00     1  envoy
02:15:45     1000     57502   20,00    1,00    0,00    0,00   21,00     1  envoy
02:15:46     1000     57502   22,00    0,00    0,00    0,00   22,00     1  envoy
02:15:47     1000     57502   21,00    0,00    0,00    0,00   21,00     1  envoy
02:15:48     1000     57502   22,00    0,00    0,00    0,00   22,00     1  envoy
02:15:49     1000     57502   15,00    6,00    0,00    1,00   21,00     1  envoy
02:15:50     1000     57502   21,00    1,00    0,00    0,00   22,00     1  envoy
02:15:51     1000     57502   15,00    6,00    0,00    0,00   21,00     1  envoy
02:15:52     1000     57502   21,00    1,00    0,00    0,00   22,00     1  envoy
02:15:53     1000     57502   18,00    2,00    0,00    0,00   20,00     1  envoy
02:15:54     1000     57502   19,00    3,00    0,00    0,00   22,00     1  envoy
02:15:55     1000     57502   14,00    2,00    0,00    0,00   16,00     1  envoy
Average:     1000     57502   17,31    3,31    0,00    0,10   20,62     -  envoy
