Linux 5.13.0-51-generic (lucas-desktop-2) 	22/06/22 	_x86_64_	(4 CPU)

02:51:38      UID       PID  minflt/s  majflt/s     VSZ     RSS   %MEM  Command
02:51:39     1000     31341      2,00      0,00 2245664   53852   0,33  envoy-static
02:51:40     1000     31341      1,00      0,00 2245664   53852   0,33  envoy-static
02:51:41     1000     31341      0,00      0,00 2245664   53852   0,33  envoy-static
02:51:42     1000     31341      1,00      0,00 2245664   53852   0,33  envoy-static
02:51:43     1000     31341      0,00      0,00 2245664   53852   0,33  envoy-static
02:51:44     1000     31341      0,00      0,00 2245664   53852   0,33  envoy-static
02:51:45     1000     31341      0,00      0,00 2245664   53852   0,33  envoy-static
02:51:46     1000     31341      0,00      0,00 2245664   53852   0,33  envoy-static
02:51:47     1000     31341      0,00      0,00 2245664   53852   0,33  envoy-static
02:51:48     1000     31341      0,00      0,00 2245664   53852   0,33  envoy-static
02:51:49     1000     31341      0,00      0,00 2245664   53852   0,33  envoy-static
02:51:50     1000     31341      0,00      0,00 2245664   53852   0,33  envoy-static
02:51:51     1000     31341      0,00      0,00 2245664   53852   0,33  envoy-static
02:51:52     1000     31341      0,00      0,00 2245664   53852   0,33  envoy-static
02:51:53     1000     31341      0,00      0,00 2245664   53852   0,33  envoy-static
02:51:54     1000     31341      0,00      0,00 2245664   53852   0,33  envoy-static
02:51:55     1000     31341      0,00      0,00 2245664   53852   0,33  envoy-static
02:51:56     1000     31341      0,00      0,00 2245664   53852   0,33  envoy-static
02:51:57     1000     31341      0,00      0,00 2245664   53852   0,33  envoy-static
02:51:58     1000     31341      0,00      0,00 2245664   53852   0,33  envoy-static
02:51:59     1000     31341      0,00      0,00 2245664   53852   0,33  envoy-static
02:52:00     1000     31341      0,00      0,00 2245664   53852   0,33  envoy-static
02:52:01     1000     31341      0,00      0,00 2245664   53852   0,33  envoy-static
02:52:02     1000     31341      0,00      0,00 2245664   53852   0,33  envoy-static
02:52:03     1000     31341      0,00      0,00 2245664   53852   0,33  envoy-static
02:52:04     1000     31341      0,00      0,00 2245664   53852   0,33  envoy-static
02:52:05     1000     31341      0,00      0,00 2245664   53852   0,33  envoy-static
02:52:06     1000     31341      0,00      0,00 2245664   53852   0,33  envoy-static
02:52:07     1000     31341      0,00      0,00 2245664   53852   0,33  envoy-static
02:52:08     1000     31341      0,00      0,00 2245664   53852   0,33  envoy-static
02:52:09     1000     31341      0,00      0,00 2245664   53852   0,33  envoy-static
02:52:10     1000     31341      0,00      0,00 2245664   53852   0,33  envoy-static
02:52:11     1000     31341      0,00      0,00 2245664   53852   0,33  envoy-static
02:52:12     1000     31341      0,00      0,00 2245664   53852   0,33  envoy-static
02:52:13     1000     31341      0,00      0,00 2245664   53852   0,33  envoy-static
02:52:14     1000     31341      0,00      0,00 2245664   53852   0,33  envoy-static
02:52:15     1000     31341      0,00      0,00 2245664   53852   0,33  envoy-static
02:52:16     1000     31341      0,00      0,00 2245664   53852   0,33  envoy-static
02:52:17     1000     31341      0,00      0,00 2245664   53852   0,33  envoy-static
02:52:18     1000     31341      0,00      0,00 2245664   53852   0,33  envoy-static
02:52:19     1000     31341      0,00      0,00 2245664   53852   0,33  envoy-static
02:52:20     1000     31341      0,00      0,00 2245664   53852   0,33  envoy-static
02:52:21     1000     31341      0,00      0,00 2245664   53852   0,33  envoy-static
02:52:22     1000     31341      0,00      0,00 2245664   53852   0,33  envoy-static
02:52:23     1000     31341      0,00      0,00 2245664   53852   0,33  envoy-static
02:52:24     1000     31341      0,00      0,00 2245664   53852   0,33  envoy-static
02:52:25     1000     31341      0,00      0,00 2245664   53852   0,33  envoy-static
02:52:26     1000     31341      0,00      0,00 2245664   53852   0,33  envoy-static
02:52:27     1000     31341      0,00      0,00 2245664   53852   0,33  envoy-static
02:52:28     1000     31341      0,00      0,00 2245664   53852   0,33  envoy-static
02:52:29     1000     31341      0,00      0,00 2245664   53852   0,33  envoy-static
02:52:30     1000     31341      0,00      0,00 2245664   53852   0,33  envoy-static
02:52:31     1000     31341      0,00      0,00 2245664   53852   0,33  envoy-static
02:52:32     1000     31341      0,00      0,00 2245664   53852   0,33  envoy-static
02:52:33     1000     31341      0,00      0,00 2245664   53852   0,33  envoy-static
02:52:34     1000     31341      0,00      0,00 2245664   53852   0,33  envoy-static
02:52:35     1000     31341      0,00      0,00 2245664   53852   0,33  envoy-static
02:52:36     1000     31341      0,00      0,00 2245664   53852   0,33  envoy-static
02:52:37     1000     31341      0,00      0,00 2245664   53852   0,33  envoy-static
02:52:38     1000     31341      0,00      0,00 2245664   53852   0,33  envoy-static
02:52:39     1000     31341      0,00      0,00 2245664   53852   0,33  envoy-static
Average:     1000     31341      0,07      0,00 2245664   53852   0,33  envoy-static
