Linux 5.13.0-51-generic (lucas-desktop-2) 	22/06/22 	_x86_64_	(4 CPU)

03:07:32      UID       PID  minflt/s  majflt/s     VSZ     RSS   %MEM  Command
03:07:33     1000     41416     49,00      0,00 2245664   53456   0,33  envoy-static
03:07:34     1000     41416     12,00      0,00 2245664   53456   0,33  envoy-static
03:07:35     1000     41416      1,00      0,00 2245664   53836   0,33  envoy-static
03:07:36     1000     41416      4,00      0,00 2245664   53836   0,33  envoy-static
03:07:37     1000     41416      0,00      0,00 2245664   53836   0,33  envoy-static
03:07:38     1000     41416      0,00      0,00 2245664   53836   0,33  envoy-static
03:07:39     1000     41416      0,00      0,00 2245664   53836   0,33  envoy-static
03:07:40     1000     41416      1,00      0,00 2245664   53836   0,33  envoy-static
03:07:41     1000     41416      1,00      0,00 2245664   53836   0,33  envoy-static
03:07:42     1000     41416      0,00      0,00 2245664   53836   0,33  envoy-static
03:07:43     1000     41416      0,00      0,00 2245664   53836   0,33  envoy-static
03:07:44     1000     41416      0,00      0,00 2245664   53836   0,33  envoy-static
03:07:45     1000     41416      0,00      0,00 2245664   53836   0,33  envoy-static
03:07:46     1000     41416      0,00      0,00 2245664   53836   0,33  envoy-static
03:07:47     1000     41416      0,00      0,00 2245664   53836   0,33  envoy-static
03:07:48     1000     41416      0,00      0,00 2245664   53836   0,33  envoy-static
03:07:49     1000     41416      0,00      0,00 2245664   53836   0,33  envoy-static
03:07:50     1000     41416      0,00      0,00 2245664   53836   0,33  envoy-static
03:07:51     1000     41416      2,00      0,00 2245664   53836   0,33  envoy-static
03:07:52     1000     41416      0,00      0,00 2245664   53836   0,33  envoy-static
03:07:53     1000     41416      0,00      0,00 2245664   53836   0,33  envoy-static
03:07:54     1000     41416      0,00      0,00 2245664   53836   0,33  envoy-static
03:07:55     1000     41416      0,00      0,00 2245664   53836   0,33  envoy-static
03:07:56     1000     41416      0,00      0,00 2245664   53836   0,33  envoy-static
03:07:57     1000     41416      0,00      0,00 2245664   53836   0,33  envoy-static
03:07:58     1000     41416      0,00      0,00 2245664   53836   0,33  envoy-static
03:07:59     1000     41416      0,00      0,00 2245664   53836   0,33  envoy-static
03:08:00     1000     41416      0,00      0,00 2245664   53836   0,33  envoy-static
03:08:01     1000     41416      0,00      0,00 2245664   53836   0,33  envoy-static
03:08:02     1000     41416      0,00      0,00 2245664   53836   0,33  envoy-static
03:08:03     1000     41416      0,00      0,00 2245664   53836   0,33  envoy-static
03:08:04     1000     41416      0,00      0,00 2245664   53836   0,33  envoy-static
03:08:05     1000     41416      0,00      0,00 2245664   53836   0,33  envoy-static
03:08:06     1000     41416      0,00      0,00 2245664   53836   0,33  envoy-static
03:08:07     1000     41416      1,00      0,00 2245664   53836   0,33  envoy-static
03:08:08     1000     41416      0,00      0,00 2245664   53836   0,33  envoy-static
03:08:09     1000     41416      0,00      0,00 2245664   53836   0,33  envoy-static
03:08:10     1000     41416      0,00      0,00 2245664   53836   0,33  envoy-static
03:08:11     1000     41416      0,00      0,00 2245664   53836   0,33  envoy-static
03:08:12     1000     41416      0,00      0,00 2245664   53836   0,33  envoy-static
03:08:13     1000     41416      0,00      0,00 2245664   53836   0,33  envoy-static
03:08:14     1000     41416      0,00      0,00 2245664   53836   0,33  envoy-static
03:08:15     1000     41416      0,00      0,00 2245664   53836   0,33  envoy-static
03:08:16     1000     41416      0,00      0,00 2245664   53836   0,33  envoy-static
03:08:17     1000     41416      0,00      0,00 2245664   53836   0,33  envoy-static
03:08:18     1000     41416      0,00      0,00 2245664   53836   0,33  envoy-static
03:08:19     1000     41416      0,00      0,00 2245664   53836   0,33  envoy-static
03:08:20     1000     41416      0,00      0,00 2245664   53836   0,33  envoy-static
03:08:21     1000     41416      0,00      0,00 2245664   53836   0,33  envoy-static
03:08:22     1000     41416      0,00      0,00 2245664   53836   0,33  envoy-static
03:08:23     1000     41416      0,00      0,00 2245664   53836   0,33  envoy-static
03:08:24     1000     41416      0,00      0,00 2245664   53836   0,33  envoy-static
03:08:25     1000     41416      0,00      0,00 2245664   53836   0,33  envoy-static
03:08:26     1000     41416      1,00      0,00 2245664   53836   0,33  envoy-static
03:08:27     1000     41416      0,00      0,00 2245664   53836   0,33  envoy-static
03:08:28     1000     41416      0,00      0,00 2245664   53836   0,33  envoy-static
03:08:29     1000     41416      0,00      0,00 2245664   53836   0,33  envoy-static
03:08:30     1000     41416      0,00      0,00 2245664   53836   0,33  envoy-static
03:08:31     1000     41416      0,00      0,00 2245664   53836   0,33  envoy-static
03:08:32     1000     41416      0,00      0,00 2245664   53836   0,33  envoy-static
03:08:33     1000     41416      0,00      0,00 2245664   53836   0,33  envoy-static
Average:     1000     41416      1,18      0,00 2245664   53824   0,33  envoy-static
