# Elapsed time   CPU (%)     Real (MB)   Virtual (MB)
       0.000        0.000       51.707     2185.027
       1.001        7.000       51.707     2193.031
       2.002       23.000       52.070     2193.031
       3.003       23.000       52.070     2193.031
       4.004       24.000       52.070     2193.031
       5.005       23.000       52.070     2193.031
       6.006       23.000       52.070     2193.031
       7.007       22.000       52.070     2193.031
       8.008       24.000       52.070     2193.031
       9.010       23.000       52.070     2193.031
      10.010       24.000       52.070     2193.031
      11.011       22.000       52.070     2193.031
      12.012       24.000       52.070     2193.031
      13.013       24.000       52.070     2193.031
      14.014       23.000       52.070     2193.031
      15.015       22.000       52.070     2193.031
      16.016       24.000       52.070     2193.031
      17.018       23.000       52.070     2193.031
      18.018       22.000       52.070     2193.031
      19.019       24.000       52.070     2193.031
      20.020       23.000       52.070     2193.031
      21.021       24.000       52.070     2193.031
      22.022       23.000       52.328     2193.031
      23.023       22.000       52.328     2193.031
      24.025       24.000       52.328     2193.031
      25.026       23.000       52.328     2193.031
      26.027       23.000       52.328     2193.031
      27.027       24.000       52.328     2193.031
      28.028       22.000       52.328     2193.031
      29.030       24.000       52.328     2193.031
      30.030       23.000       52.328     2193.031
      31.031       24.000       52.328     2193.031
      32.032       23.000       52.328     2193.031
      33.034       24.000       52.328     2193.031
      34.034       22.000       52.328     2193.031
      35.035       24.000       52.328     2193.031
      36.036       23.000       52.328     2193.031
      37.038       23.000       52.328     2193.031
      38.038       24.000       52.328     2193.031
      39.039       23.000       52.328     2193.031
      40.040       23.000       52.328     2193.031
      41.042       24.000       52.328     2193.031
      42.042       23.000       52.328     2193.031
      43.043       24.000       52.328     2193.031
      44.044       23.000       52.328     2193.031
      45.046       23.000       52.328     2193.031
      46.046       23.000       52.328     2193.031
      47.047       24.000       52.328     2193.031
      48.048       22.000       52.328     2193.031
      49.050       24.000       52.328     2193.031
      50.050       23.000       52.328     2193.031
      51.051       23.000       52.328     2193.031
      52.052       24.000       52.328     2193.031
      53.053       23.000       52.328     2193.031
      54.054       23.000       52.328     2193.031
      55.055       23.000       52.328     2193.031
      56.056       24.000       52.328     2193.031
      57.058       22.000       52.328     2193.031
      58.058       24.000       52.328     2193.031
      59.059       23.000       52.328     2193.031
      60.060       23.000       52.328     2193.031
