# Elapsed time   CPU (%)     Real (MB)   Virtual (MB)
       0.000        0.000       52.203     2185.027
       1.001        6.000       52.203     2193.031
       2.002       21.000       52.203     2193.031
       3.004       20.000       52.574     2193.031
       4.005       19.000       52.574     2193.031
       5.006       20.000       52.574     2193.031
       6.007       21.000       52.574     2193.031
       7.009       19.000       52.574     2193.031
       8.010       20.000       52.574     2193.031
       9.010       20.000       52.574     2193.031
      10.012       19.000       52.574     2193.031
      11.013       20.000       52.574     2193.031
      12.013       19.000       52.574     2193.031
      13.014       21.000       52.574     2193.031
      14.015       18.000       52.574     2193.031
      15.016       21.000       52.574     2193.031
      16.017       21.000       52.574     2193.031
      17.018       19.000       52.574     2193.031
      18.019       21.000       52.574     2193.031
      19.020       18.000       52.574     2193.031
      20.020       20.000       52.574     2193.031
      21.021       21.000       52.574     2193.031
      22.022       19.000       52.574     2193.031
      23.023       20.000       52.574     2193.031
      24.023       19.000       52.574     2193.031
      25.025       19.000       52.574     2193.031
      26.026       20.000       52.574     2193.031
      27.027       20.000       52.574     2193.031
      28.027       21.000       52.574     2193.031
      29.028       20.000       52.574     2193.031
      30.028       20.000       52.574     2193.031
      31.030       20.000       52.574     2193.031
      32.031       20.000       52.574     2193.031
      33.032       19.000       52.574     2193.031
      34.033       20.000       52.574     2193.031
      35.034       20.000       52.574     2193.031
      36.035       21.000       52.574     2193.031
      37.036       20.000       52.574     2193.031
      38.037       21.000       52.574     2193.031
      39.038       20.000       52.574     2193.031
      40.039       20.000       52.574     2193.031
      41.040       21.000       52.574     2193.031
      42.041       20.000       52.574     2193.031
      43.042       20.000       52.574     2193.031
      44.043       20.000       52.574     2193.031
      45.044       20.000       52.574     2193.031
      46.045       19.000       52.574     2193.031
      47.047       21.000       52.574     2193.031
      48.048       20.000       52.574     2193.031
      49.049       20.000       52.574     2193.031
      50.050       20.000       52.574     2193.031
      51.051       21.000       52.574     2193.031
      52.052       19.000       52.574     2193.031
      53.053       20.000       52.574     2193.031
      54.053       19.000       52.574     2193.031
      55.055       20.000       52.574     2193.031
      56.056       20.000       52.574     2193.031
      57.056       20.000       52.574     2193.031
      58.057       20.000       52.574     2193.031
      59.059       21.000       52.574     2193.031
      60.060       19.000       52.574     2193.031
