Linux 5.15.0-46-generic (lucas-desktop-2) 	29/08/22 	_x86_64_	(4 CPU)

01:03:08      UID       PID    %usr %system  %guest   %wait    %CPU   CPU  Command
01:03:09     1000      6798    2,00    3,00    0,00    0,00    5,00     1  envoy-static
01:03:10     1000      6798   10,00   13,00    0,00    0,00   23,00     1  envoy-static
01:03:11     1000      6798    9,00   15,00    0,00    0,00   24,00     1  envoy-static
01:03:12     1000      6798   11,00   12,00    0,00    0,00   23,00     1  envoy-static
01:03:13     1000      6798   14,00   10,00    0,00    0,00   24,00     1  envoy-static
01:03:14     1000      6798   10,00   12,00    0,00    0,00   22,00     1  envoy-static
01:03:15     1000      6798   11,00   13,00    0,00    0,00   24,00     1  envoy-static
01:03:16     1000      6798   11,00   12,00    0,00    0,00   23,00     1  envoy-static
01:03:17     1000      6798   16,00    7,00    0,00    0,00   23,00     1  envoy-static
01:03:18     1000      6798   11,00   12,00    0,00    0,00   23,00     1  envoy-static
01:03:19     1000      6798   17,00    7,00    0,00    0,00   24,00     1  envoy-static
01:03:20     1000      6798   17,00    6,00    0,00    0,00   23,00     1  envoy-static
01:03:21     1000      6798   17,00    6,00    0,00    0,00   23,00     1  envoy-static
01:03:22     1000      6798   12,00   11,00    0,00    0,00   23,00     1  envoy-static
01:03:23     1000      6798   12,00   12,00    0,00    0,00   24,00     1  envoy-static
01:03:24     1000      6798    2,00   20,00    0,00    0,00   22,00     1  envoy-static
01:03:25     1000      6798    4,00   19,00    0,00    0,00   23,00     1  envoy-static
01:03:26     1000      6798    5,00   19,00    0,00    0,00   24,00     1  envoy-static
01:03:27     1000      6798   16,00    7,00    0,00    0,00   23,00     1  envoy-static
01:03:28     1000      6798   11,00   11,00    0,00    0,00   22,00     1  envoy-static
01:03:29     1000      6798   22,00    2,00    0,00    0,00   24,00     1  envoy-static
01:03:30     1000      6798   22,00    1,00    0,00    0,00   23,00     1  envoy-static
01:03:31     1000      6798   17,00    6,00    0,00    0,00   23,00     1  envoy-static
01:03:32     1000      6798   12,00   11,00    0,00    0,00   23,00     1  envoy-static
01:03:33     1000      6798   17,00    6,00    0,00    0,00   23,00     1  envoy-static
01:03:34     1000      6798   15,00    9,00    0,00    0,00   24,00     1  envoy-static
01:03:35     1000      6798   17,00    6,00    0,00    0,00   23,00     1  envoy-static
01:03:36     1000      6798   18,00    5,00    0,00    0,00   23,00     1  envoy-static
01:03:37     1000      6798   12,87   10,89    0,00    0,00   23,76     1  envoy-static
01:03:38     1000      6798   23,00    0,00    0,00    0,00   23,00     1  envoy-static
01:03:39     1000      6798   21,00    3,00    0,00    0,00   24,00     1  envoy-static
01:03:40     1000      6798   18,00    4,00    0,00    0,00   22,00     1  envoy-static
01:03:41     1000      6798   11,00   13,00    0,00    0,00   24,00     1  envoy-static
01:03:42     1000      6798   16,00    7,00    0,00    0,00   23,00     1  envoy-static
01:03:43     1000      6798    1,00   22,00    0,00    0,00   23,00     1  envoy-static
01:03:44     1000      6798    0,00   24,00    0,00    0,00   24,00     1  envoy-static
01:03:45     1000      6798    0,00   23,00    0,00    0,00   23,00     1  envoy-static
01:03:46     1000      6798    0,00   23,00    0,00    0,00   23,00     1  envoy-static
01:03:47     1000      6798    7,00   17,00    0,00    0,00   24,00     1  envoy-static
01:03:48     1000      6798    9,00   14,00    0,00    0,00   23,00     1  envoy-static
01:03:49     1000      6798    6,00   17,00    0,00    0,00   23,00     1  envoy-static
01:03:50     1000      6798   20,00    3,00    0,00    0,00   23,00     1  envoy-static
01:03:51     1000      6798   15,00    9,00    0,00    0,00   24,00     1  envoy-static
01:03:52     1000      6798    9,00   14,00    0,00    0,00   23,00     1  envoy-static
01:03:53     1000      6798   12,00   11,00    0,00    0,00   23,00     1  envoy-static
01:03:54     1000      6798   15,00    8,00    0,00    0,00   23,00     1  envoy-static
01:03:55     1000      6798   18,00    6,00    0,00    0,00   24,00     1  envoy-static
01:03:56     1000      6798   17,00    5,00    0,00    0,00   22,00     1  envoy-static
01:03:57     1000      6798   10,00   14,00    0,00    0,00   24,00     1  envoy-static
01:03:58     1000      6798   14,00    9,00    0,00    0,00   23,00     1  envoy-static
01:03:59     1000      6798   13,00   11,00    0,00    0,00   24,00     1  envoy-static
01:04:00     1000      6798   15,00    8,00    0,00    0,00   23,00     1  envoy-static
01:04:01     1000      6798   18,00    5,00    0,00    0,00   23,00     1  envoy-static
01:04:02     1000      6798   21,00    2,00    0,00    0,00   23,00     1  envoy-static
01:04:03     1000      6798   18,00    5,00    0,00    0,00   23,00     1  envoy-static
01:04:04     1000      6798   16,00    8,00    0,00    0,00   24,00     1  envoy-static
01:04:05     1000      6798    1,00   21,00    0,00    0,00   22,00     1  envoy-static
01:04:06     1000      6798    4,00   20,00    0,00    0,00   24,00     1  envoy-static
01:04:07     1000      6798    4,00   19,00    0,00    0,00   23,00     1  envoy-static
01:04:08     1000      6798    1,00   23,00    0,00    0,00   24,00     1  envoy-static
01:04:09     1000      6798    0,00   17,00    0,00    0,00   17,00     1  envoy-static
Average:     1000      6798   11,87   10,97    0,00    0,00   22,83     -  envoy-static
