Linux 5.15.0-46-generic (lucas-desktop-2) 	04/09/22 	_x86_64_	(4 CPU)

17:34:37      UID       PID  minflt/s  majflt/s     VSZ     RSS   %MEM  Command
17:34:38     1000     12612      0,00      0,00 2245560   53128   0,33  envoy-static
17:34:39     1000     12612      0,00      0,00 2245560   53128   0,33  envoy-static
17:34:40     1000     12612      0,00      0,00 2245560   53128   0,33  envoy-static
17:34:41     1000     12612      0,00      0,00 2245560   53128   0,33  envoy-static
17:34:42     1000     12612      0,00      0,00 2245560   53128   0,33  envoy-static
17:34:43     1000     12612      0,00      0,00 2245560   53128   0,33  envoy-static
17:34:44     1000     12612      0,00      0,00 2245560   53128   0,33  envoy-static
17:34:45     1000     12612      0,00      0,00 2245560   53128   0,33  envoy-static
17:34:46     1000     12612      0,00      0,00 2245560   53128   0,33  envoy-static
17:34:47     1000     12612      0,00      0,00 2245560   53128   0,33  envoy-static
17:34:48     1000     12612      0,00      0,00 2245560   53128   0,33  envoy-static
17:34:49     1000     12612      0,00      0,00 2245560   53128   0,33  envoy-static
17:34:50     1000     12612      0,00      0,00 2245560   53128   0,33  envoy-static
17:34:51     1000     12612      0,00      0,00 2245560   53128   0,33  envoy-static
17:34:52     1000     12612      0,00      0,00 2245560   53128   0,33  envoy-static
17:34:53     1000     12612      0,00      0,00 2245560   53128   0,33  envoy-static
17:34:54     1000     12612      0,00      0,00 2245560   53128   0,33  envoy-static
17:34:55     1000     12612      0,00      0,00 2245560   53128   0,33  envoy-static
17:34:56     1000     12612      0,00      0,00 2245560   53128   0,33  envoy-static
17:34:57     1000     12612      0,00      0,00 2245560   53128   0,33  envoy-static
17:34:58     1000     12612      0,00      0,00 2245560   53128   0,33  envoy-static
17:34:59     1000     12612      0,00      0,00 2245560   53128   0,33  envoy-static
17:35:00     1000     12612      0,00      0,00 2245560   53128   0,33  envoy-static
17:35:01     1000     12612      0,00      0,00 2245560   53128   0,33  envoy-static
17:35:02     1000     12612      0,00      0,00 2245560   53128   0,33  envoy-static
17:35:03     1000     12612      0,00      0,00 2245560   53128   0,33  envoy-static
17:35:04     1000     12612      0,00      0,00 2245560   53128   0,33  envoy-static
17:35:05     1000     12612      0,00      0,00 2245560   53128   0,33  envoy-static
17:35:06     1000     12612      0,00      0,00 2245560   53128   0,33  envoy-static
17:35:07     1000     12612      0,00      0,00 2245560   53128   0,33  envoy-static
17:35:08     1000     12612      0,00      0,00 2245560   53128   0,33  envoy-static
17:35:09     1000     12612      0,00      0,00 2245560   53128   0,33  envoy-static
17:35:10     1000     12612      0,00      0,00 2245560   53128   0,33  envoy-static
17:35:11     1000     12612      0,00      0,00 2245560   53128   0,33  envoy-static
17:35:12     1000     12612      0,00      0,00 2245560   53128   0,33  envoy-static
17:35:13     1000     12612      0,00      0,00 2245560   53128   0,33  envoy-static
17:35:14     1000     12612      0,00      0,00 2245560   53128   0,33  envoy-static
17:35:15     1000     12612      0,00      0,00 2245560   53128   0,33  envoy-static
17:35:16     1000     12612      0,00      0,00 2245560   53128   0,33  envoy-static
17:35:17     1000     12612      0,00      0,00 2245560   53128   0,33  envoy-static
17:35:18     1000     12612      0,00      0,00 2245560   53128   0,33  envoy-static
17:35:19     1000     12612      0,00      0,00 2245560   53128   0,33  envoy-static
17:35:20     1000     12612      0,00      0,00 2245560   53128   0,33  envoy-static
17:35:21     1000     12612      0,00      0,00 2245560   53128   0,33  envoy-static
17:35:22     1000     12612      0,00      0,00 2245560   53128   0,33  envoy-static
17:35:23     1000     12612      0,00      0,00 2245560   53128   0,33  envoy-static
17:35:24     1000     12612      0,00      0,00 2245560   53128   0,33  envoy-static
17:35:25     1000     12612      0,00      0,00 2245560   53128   0,33  envoy-static
17:35:26     1000     12612      0,00      0,00 2245560   53128   0,33  envoy-static
17:35:27     1000     12612      0,00      0,00 2245560   53128   0,33  envoy-static
17:35:28     1000     12612      0,00      0,00 2245560   53128   0,33  envoy-static
17:35:29     1000     12612      0,00      0,00 2245560   53128   0,33  envoy-static
17:35:30     1000     12612      0,00      0,00 2245560   53128   0,33  envoy-static
17:35:31     1000     12612      0,00      0,00 2245560   53128   0,33  envoy-static
17:35:32     1000     12612      0,00      0,00 2245560   53128   0,33  envoy-static
17:35:33     1000     12612      0,00      0,00 2245560   53128   0,33  envoy-static
17:35:34     1000     12612      0,00      0,00 2245560   53128   0,33  envoy-static
17:35:35     1000     12612      0,00      0,00 2245560   53128   0,33  envoy-static
17:35:36     1000     12612      0,00      0,00 2245560   53128   0,33  envoy-static
17:35:37     1000     12612      0,00      0,00 2245560   53128   0,33  envoy-static
17:35:38     1000     12612      0,00      0,00 2245560   53128   0,33  envoy-static
Average:     1000     12612      0,00      0,00 2245560   53128   0,33  envoy-static
