# Elapsed time   CPU (%)     Real (MB)   Virtual (MB)
       0.000        0.000       51.883     2192.930
       1.001        5.000       51.883     2192.930
       2.002       20.000       51.883     2192.930
       3.004       17.000       51.883     2192.930
       4.005       19.000       51.883     2192.930
       5.006       20.000       51.883     2192.930
       6.007       20.000       51.883     2192.930
       7.008       19.000       51.883     2192.930
       8.008       19.000       51.883     2192.930
       9.010       20.000       51.883     2192.930
      10.011       20.000       51.883     2192.930
      11.012       19.000       51.883     2192.930
      12.013       20.000       51.883     2192.930
      13.014       19.000       51.883     2192.930
      14.015       20.000       51.883     2192.930
      15.015       19.000       51.883     2192.930
      16.016       19.000       51.883     2192.930
      17.017       20.000       51.883     2192.930
      18.018       20.000       51.883     2192.930
      19.019       20.000       51.883     2192.930
      20.019       20.000       51.883     2192.930
      21.021       19.000       51.883     2192.930
      22.021       20.000       51.883     2192.930
      23.023       20.000       51.883     2192.930
      24.024       19.000       51.883     2192.930
      25.025       21.000       51.883     2192.930
      26.026       20.000       51.883     2192.930
      27.027       20.000       51.883     2192.930
      28.027       19.000       51.883     2192.930
      29.028       20.000       51.883     2192.930
      30.029       17.000       51.883     2192.930
      31.030       18.000       51.883     2192.930
      32.031       20.000       51.883     2192.930
      33.032       18.000       51.883     2192.930
      34.032       15.000       51.883     2192.930
      35.033       15.000       51.883     2192.930
      36.035       15.000       51.883     2192.930
      37.036       16.000       51.883     2192.930
      38.037       14.000       51.883     2192.930
      39.038       16.000       51.883     2192.930
      40.039       15.000       51.883     2192.930
      41.040       17.000       51.883     2192.930
      42.044       13.900       51.883     2192.930
      43.046       17.000       51.883     2192.930
      44.050       15.900       51.883     2192.930
      45.052       18.000       51.883     2192.930
      46.052       18.000       51.883     2192.930
      47.054       16.000       51.883     2192.930
      48.055       17.000       51.883     2192.930
      49.056       17.000       51.883     2192.930
      50.057       19.000       51.883     2192.930
      51.058       17.000       51.883     2192.930
      52.059       19.000       51.883     2192.930
      53.060       18.000       51.883     2192.930
      54.060       17.000       51.883     2192.930
      55.061       18.000       51.883     2192.930
      56.063       18.000       51.883     2192.930
      57.064       17.000       51.883     2192.930
      58.065       18.000       51.883     2192.930
      59.066       18.000       51.883     2192.930
      60.068       20.000       51.883     2192.930
