Linux 5.15.0-46-generic (lucas-desktop-2) 	29/08/22 	_x86_64_	(4 CPU)

01:06:28      UID       PID  minflt/s  majflt/s     VSZ     RSS   %MEM  Command
01:06:29     1000      7135     56,00      0,00 2245560   53016   0,32  envoy-static
01:06:30     1000      7135     16,00      0,00 2245560   53276   0,33  envoy-static
01:06:31     1000      7135     44,00      0,00 2245560   53276   0,33  envoy-static
01:06:32     1000      7135     10,00      0,00 2245560   53276   0,33  envoy-static
01:06:33     1000      7135     66,00      0,00 2245560   53540   0,33  envoy-static
01:06:34     1000      7135     17,00      0,00 2245560   53804   0,33  envoy-static
01:06:35     1000      7135      0,00      0,00 2245560   53804   0,33  envoy-static
01:06:36     1000      7135      0,00      0,00 2245560   53804   0,33  envoy-static
01:06:37     1000      7135      0,00      0,00 2245560   53804   0,33  envoy-static
01:06:38     1000      7135      0,00      0,00 2245560   53804   0,33  envoy-static
01:06:39     1000      7135     36,00      0,00 2245560   53804   0,33  envoy-static
01:06:40     1000      7135      0,00      0,00 2245560   53804   0,33  envoy-static
01:06:41     1000      7135      0,00      0,00 2245560   53804   0,33  envoy-static
01:06:42     1000      7135      0,00      0,00 2245560   53804   0,33  envoy-static
01:06:43     1000      7135      1,00      0,00 2245560   53804   0,33  envoy-static
01:06:44     1000      7135      0,00      0,00 2245560   53804   0,33  envoy-static
01:06:45     1000      7135      0,00      0,00 2245560   53804   0,33  envoy-static
01:06:46     1000      7135      1,00      0,00 2245560   53804   0,33  envoy-static
01:06:47     1000      7135      0,00      0,00 2245560   53804   0,33  envoy-static
01:06:48     1000      7135      1,00      0,00 2245560   53804   0,33  envoy-static
01:06:49     1000      7135      0,00      0,00 2245560   53804   0,33  envoy-static
01:06:50     1000      7135      1,00      0,00 2245560   53804   0,33  envoy-static
01:06:51     1000      7135      0,00      0,00 2245560   53804   0,33  envoy-static
01:06:52     1000      7135      0,00      0,00 2245560   53804   0,33  envoy-static
01:06:53     1000      7135      0,00      0,00 2245560   53804   0,33  envoy-static
01:06:54     1000      7135      0,00      0,00 2245560   53804   0,33  envoy-static
01:06:55     1000      7135      0,00      0,00 2245560   53804   0,33  envoy-static
01:06:56     1000      7135      0,00      0,00 2245560   53804   0,33  envoy-static
01:06:57     1000      7135      0,00      0,00 2245560   53804   0,33  envoy-static
01:06:58     1000      7135      0,00      0,00 2245560   53804   0,33  envoy-static
01:06:59     1000      7135      0,00      0,00 2245560   53804   0,33  envoy-static
01:07:00     1000      7135      0,00      0,00 2245560   53804   0,33  envoy-static
01:07:01     1000      7135      0,00      0,00 2245560   53804   0,33  envoy-static
01:07:02     1000      7135      0,00      0,00 2245560   53804   0,33  envoy-static
01:07:03     1000      7135      0,00      0,00 2245560   53804   0,33  envoy-static
01:07:04     1000      7135      0,00      0,00 2245560   53804   0,33  envoy-static
01:07:05     1000      7135      0,00      0,00 2245560   53804   0,33  envoy-static
01:07:06     1000      7135      0,00      0,00 2245560   53804   0,33  envoy-static
01:07:07     1000      7135      0,00      0,00 2245560   53804   0,33  envoy-static
01:07:08     1000      7135      0,00      0,00 2245560   53804   0,33  envoy-static
01:07:09     1000      7135      0,00      0,00 2245560   53804   0,33  envoy-static
01:07:10     1000      7135      0,00      0,00 2245560   53804   0,33  envoy-static
01:07:11     1000      7135      0,00      0,00 2245560   53804   0,33  envoy-static
01:07:12     1000      7135      0,00      0,00 2245560   53804   0,33  envoy-static
01:07:13     1000      7135      0,00      0,00 2245560   53804   0,33  envoy-static
01:07:14     1000      7135      0,00      0,00 2245560   53804   0,33  envoy-static
01:07:15     1000      7135      0,00      0,00 2245560   53804   0,33  envoy-static
01:07:16     1000      7135      0,00      0,00 2245560   53804   0,33  envoy-static
01:07:17     1000      7135      0,00      0,00 2245560   53804   0,33  envoy-static
01:07:18     1000      7135      0,00      0,00 2245560   53804   0,33  envoy-static
01:07:19     1000      7135      0,00      0,00 2245560   53804   0,33  envoy-static
01:07:20     1000      7135      0,00      0,00 2245560   53804   0,33  envoy-static
01:07:21     1000      7135      0,00      0,00 2245560   53804   0,33  envoy-static
01:07:22     1000      7135      0,00      0,00 2245560   53804   0,33  envoy-static
01:07:23     1000      7135      0,00      0,00 2245560   53804   0,33  envoy-static
01:07:24     1000      7135      0,00      0,00 2245560   53804   0,33  envoy-static
01:07:25     1000      7135      0,00      0,00 2245560   53804   0,33  envoy-static
01:07:26     1000      7135      0,00      0,00 2245560   53804   0,33  envoy-static
01:07:27     1000      7135      0,00      0,00 2245560   53804   0,33  envoy-static
01:07:28     1000      7135      0,00      0,00 2245560   53804   0,33  envoy-static
01:07:29     1000      7135      0,00      0,00 2245560   53804   0,33  envoy-static
Average:     1000      7135      4,08      0,00 2245560   53761   0,33  envoy-static
