Linux 5.15.0-46-generic (lucas-desktop-2) 	04/09/22 	_x86_64_	(4 CPU)

17:34:37      UID       PID    %usr %system  %guest   %wait    %CPU   CPU  Command
17:34:38     1000     12612    1,00    4,00    0,00    0,00    5,00     1  envoy-static
17:34:39     1000     12612   11,00    8,00    0,00    0,00   19,00     1  envoy-static
17:34:40     1000     12612   17,00    1,00    0,00    0,00   18,00     1  envoy-static
17:34:41     1000     12612   13,00    6,00    0,00    0,00   19,00     1  envoy-static
17:34:42     1000     12612   12,00    8,00    0,00    0,00   20,00     1  envoy-static
17:34:43     1000     12612   20,00    0,00    0,00    0,00   20,00     1  envoy-static
17:34:44     1000     12612   11,00    9,00    0,00    0,00   20,00     1  envoy-static
17:34:45     1000     12612   18,00    0,00    0,00    0,00   18,00     1  envoy-static
17:34:46     1000     12612   15,00    5,00    0,00    0,00   20,00     1  envoy-static
17:34:47     1000     12612   14,85    4,95    0,00    0,00   19,80     1  envoy-static
17:34:48     1000     12612   18,00    1,00    0,00    1,00   19,00     1  envoy-static
17:34:49     1000     12612   12,00    8,00    0,00    0,00   20,00     1  envoy-static
17:34:50     1000     12612    7,00   12,00    0,00    0,00   19,00     1  envoy-static
17:34:51     1000     12612    3,00   17,00    0,00    0,00   20,00     1  envoy-static
17:34:52     1000     12612   16,00    3,00    0,00    0,00   19,00     1  envoy-static
17:34:53     1000     12612   20,00    0,00    0,00    0,00   20,00     1  envoy-static
17:34:54     1000     12612   10,00   10,00    0,00    0,00   20,00     1  envoy-static
17:34:55     1000     12612   16,00    3,00    0,00    0,00   19,00     1  envoy-static
17:34:56     1000     12612   10,00   10,00    0,00    0,00   20,00     1  envoy-static
17:34:57     1000     12612   20,00    0,00    0,00    0,00   20,00     1  envoy-static
17:34:58     1000     12612    5,00   14,00    0,00    0,00   19,00     1  envoy-static
17:34:59     1000     12612   11,00    9,00    0,00    1,00   20,00     1  envoy-static
17:35:00     1000     12612   20,00    0,00    0,00    0,00   20,00     1  envoy-static
17:35:01     1000     12612   15,00    4,00    0,00    0,00   19,00     1  envoy-static
17:35:02     1000     12612   10,00   10,00    0,00    0,00   20,00     1  envoy-static
17:35:03     1000     12612    7,00   14,00    0,00    0,00   21,00     1  envoy-static
17:35:04     1000     12612    8,00   11,00    0,00    0,00   19,00     1  envoy-static
17:35:05     1000     12612   13,00    7,00    0,00    0,00   20,00     1  envoy-static
17:35:06     1000     12612    9,00   10,00    0,00    0,00   19,00     1  envoy-static
17:35:07     1000     12612    6,00   12,00    0,00    0,00   18,00     1  envoy-static
17:35:08     1000     12612   12,00    6,00    0,00    0,00   18,00     1  envoy-static
17:35:09     1000     12612   13,00    7,00    0,00    0,00   20,00     1  envoy-static
17:35:10     1000     12612   15,00    3,00    0,00    0,00   18,00     1  envoy-static
17:35:11     1000     12612   10,00    5,00    0,00    1,00   15,00     1  envoy-static
17:35:12     1000     12612    8,00    7,00    0,00    1,00   15,00     1  envoy-static
17:35:13     1000     12612   10,00    5,00    0,00    0,00   15,00     1  envoy-static
17:35:14     1000     12612   14,00    2,00    0,00    0,00   16,00     1  envoy-static
17:35:15     1000     12612   15,00    0,00    0,00    0,00   15,00     1  envoy-static
17:35:16     1000     12612   15,00    0,00    0,00    0,00   15,00     1  envoy-static
17:35:17     1000     12612   15,00    0,00    0,00    1,00   15,00     1  envoy-static
17:35:18     1000     12612   16,00    0,00    0,00    0,00   16,00     1  envoy-static
17:35:19     1000     12612   10,00    5,00    0,00    0,00   15,00     1  envoy-static
17:35:20     1000     12612   13,00    4,00    0,00    0,00   17,00     1  envoy-static
17:35:21     1000     12612    8,00    8,00    0,00    1,00   16,00     1  envoy-static
17:35:22     1000     12612   10,00    8,00    0,00    0,00   18,00     1  envoy-static
17:35:23     1000     12612   15,00    3,00    0,00    0,00   18,00     1  envoy-static
17:35:24     1000     12612   16,00    0,00    0,00    0,00   16,00     1  envoy-static
17:35:25     1000     12612   16,00    0,00    0,00    0,00   16,00     1  envoy-static
17:35:26     1000     12612   18,00    0,00    0,00    0,00   18,00     1  envoy-static
17:35:27     1000     12612   11,00    8,00    0,00    0,00   19,00     1  envoy-static
17:35:28     1000     12612   14,00    2,00    0,00    0,00   16,00     1  envoy-static
17:35:29     1000     12612   17,00    2,00    0,00    0,00   19,00     1  envoy-static
17:35:30     1000     12612   11,00    8,00    0,00    1,00   19,00     1  envoy-static
17:35:31     1000     12612   10,00    6,00    0,00    0,00   16,00     1  envoy-static
17:35:32     1000     12612   13,00    6,00    0,00    0,00   19,00     1  envoy-static
17:35:33     1000     12612   13,00    4,00    0,00    0,00   17,00     1  envoy-static
17:35:34     1000     12612   16,00    1,00    0,00    0,00   17,00     1  envoy-static
17:35:35     1000     12612   12,00    6,00    0,00    0,00   18,00     1  envoy-static
17:35:36     1000     12612   10,00    7,00    0,00    0,00   17,00     1  envoy-static
17:35:37     1000     12612    7,00   13,00    0,00    0,00   20,00     1  envoy-static
17:35:38     1000     12612    9,00    6,00    0,00    1,00   15,00     1  envoy-static
Average:     1000     12612   12,47    5,46    0,00    0,13   17,93     -  envoy-static
