Linux 5.13.0-51-generic (lucas-desktop-2) 	22/06/22 	_x86_64_	(4 CPU)

03:01:03      UID       PID  minflt/s  majflt/s     VSZ     RSS   %MEM  Command
03:01:04     1000     39777     46,00      1,00 2245560   53596   0,33  envoy-static
03:01:05     1000     39777     10,00      0,00 2245560   53596   0,33  envoy-static
03:01:06     1000     39777      1,00      0,00 2245560   53596   0,33  envoy-static
03:01:07     1000     39777      0,00      0,00 2245560   53596   0,33  envoy-static
03:01:08     1000     39777      0,00      0,00 2245560   53596   0,33  envoy-static
03:01:09     1000     39777      1,00      0,00 2245560   53596   0,33  envoy-static
03:01:10     1000     39777      2,00      0,00 2245560   53596   0,33  envoy-static
03:01:11     1000     39777      1,00      0,00 2245560   53596   0,33  envoy-static
03:01:12     1000     39777      2,00      0,00 2245560   53908   0,33  envoy-static
03:01:13     1000     39777      0,00      0,00 2245560   53908   0,33  envoy-static
03:01:14     1000     39777      0,00      0,00 2245560   53908   0,33  envoy-static
03:01:15     1000     39777      0,00      0,00 2245560   53908   0,33  envoy-static
03:01:16     1000     39777      0,00      0,00 2245560   53908   0,33  envoy-static
03:01:17     1000     39777      0,00      0,00 2245560   53908   0,33  envoy-static
03:01:18     1000     39777      0,00      0,00 2245560   53908   0,33  envoy-static
03:01:19     1000     39777      0,00      0,00 2245560   53908   0,33  envoy-static
03:01:20     1000     39777      0,00      0,00 2245560   53908   0,33  envoy-static
03:01:21     1000     39777      0,00      0,00 2245560   53908   0,33  envoy-static
03:01:22     1000     39777      0,00      0,00 2245560   53908   0,33  envoy-static
03:01:23     1000     39777      0,00      0,00 2245560   53908   0,33  envoy-static
03:01:24     1000     39777      0,00      0,00 2245560   53908   0,33  envoy-static
03:01:25     1000     39777      0,00      0,00 2245560   53908   0,33  envoy-static
03:01:26     1000     39777      0,00      0,00 2245560   53908   0,33  envoy-static
03:01:27     1000     39777      0,00      0,00 2245560   53908   0,33  envoy-static
03:01:28     1000     39777      0,00      0,00 2245560   53908   0,33  envoy-static
03:01:29     1000     39777      0,00      0,00 2245560   53908   0,33  envoy-static
03:01:30     1000     39777      0,00      0,00 2245560   53908   0,33  envoy-static
03:01:31     1000     39777      0,00      0,00 2245560   53908   0,33  envoy-static
03:01:32     1000     39777      0,00      0,00 2245560   53908   0,33  envoy-static
03:01:33     1000     39777      0,00      0,00 2245560   53908   0,33  envoy-static
03:01:34     1000     39777      0,00      0,00 2245560   53908   0,33  envoy-static
03:01:35     1000     39777      0,00      0,00 2245560   53908   0,33  envoy-static
03:01:36     1000     39777      0,00      0,00 2245560   53908   0,33  envoy-static
03:01:37     1000     39777      0,00      0,00 2245560   53908   0,33  envoy-static
03:01:38     1000     39777      0,00      0,00 2245560   53908   0,33  envoy-static
03:01:39     1000     39777      0,00      0,00 2245560   53908   0,33  envoy-static
03:01:40     1000     39777      0,00      0,00 2245560   53908   0,33  envoy-static
03:01:41     1000     39777      0,00      0,00 2245560   53908   0,33  envoy-static
03:01:42     1000     39777      0,00      0,00 2245560   53908   0,33  envoy-static
03:01:43     1000     39777      0,00      0,00 2245560   53908   0,33  envoy-static
03:01:44     1000     39777      0,00      0,00 2245560   53908   0,33  envoy-static
03:01:45     1000     39777      0,00      0,00 2245560   53908   0,33  envoy-static
03:01:46     1000     39777      0,00      0,00 2245560   53908   0,33  envoy-static
03:01:47     1000     39777      0,00      0,00 2245560   53908   0,33  envoy-static
03:01:48     1000     39777      0,00      0,00 2245560   53908   0,33  envoy-static
03:01:49     1000     39777      0,00      0,00 2245560   53908   0,33  envoy-static
03:01:50     1000     39777      0,00      0,00 2245560   53908   0,33  envoy-static
03:01:51     1000     39777      0,00      0,00 2245560   53908   0,33  envoy-static
03:01:52     1000     39777      0,00      0,00 2245560   53908   0,33  envoy-static
03:01:53     1000     39777      0,00      0,00 2245560   53908   0,33  envoy-static
03:01:54     1000     39777      0,00      0,00 2245560   53908   0,33  envoy-static
03:01:55     1000     39777      0,00      0,00 2245560   53908   0,33  envoy-static
03:01:56     1000     39777      0,00      0,00 2245560   53908   0,33  envoy-static
03:01:57     1000     39777      0,00      0,00 2245560   53908   0,33  envoy-static
03:01:58     1000     39777      0,00      0,00 2245560   53908   0,33  envoy-static
03:01:59     1000     39777      0,00      0,00 2245560   53908   0,33  envoy-static
03:02:00     1000     39777      0,00      0,00 2245560   53908   0,33  envoy-static
03:02:01     1000     39777      0,00      0,00 2245560   53908   0,33  envoy-static
03:02:02     1000     39777      0,00      0,00 2245560   53908   0,33  envoy-static
03:02:03     1000     39777      0,00      0,00 2245560   53908   0,33  envoy-static
03:02:04     1000     39777      0,00      0,00 2245560   53908   0,33  envoy-static
Average:     1000     39777      1,03      0,02 2245560   53867   0,33  envoy-static
