Linux 5.15.0-46-generic (lucas-desktop-2) 	29/08/22 	_x86_64_	(4 CPU)

01:06:28      UID       PID    %usr %system  %guest   %wait    %CPU   CPU  Command
01:06:29     1000      7135    3,00    2,00    0,00    0,00    5,00     1  envoy-static
01:06:30     1000      7135   15,00    7,00    0,00    0,00   22,00     1  envoy-static
01:06:31     1000      7135   16,00    4,00    0,00    0,00   20,00     1  envoy-static
01:06:32     1000      7135   15,00    6,00    0,00    0,00   21,00     1  envoy-static
01:06:33     1000      7135   14,00    5,00    0,00    0,00   19,00     1  envoy-static
01:06:34     1000      7135   14,00    7,00    0,00    0,00   21,00     1  envoy-static
01:06:35     1000      7135   13,00    8,00    0,00    0,00   21,00     1  envoy-static
01:06:36     1000      7135   14,00    8,00    0,00    0,00   22,00     1  envoy-static
01:06:37     1000      7135   14,00    7,00    0,00    0,00   21,00     1  envoy-static
01:06:38     1000      7135   13,00    7,00    0,00    0,00   20,00     1  envoy-static
01:06:39     1000      7135   13,00    7,00    0,00    0,00   20,00     1  envoy-static
01:06:40     1000      7135   18,00    3,00    0,00    0,00   21,00     1  envoy-static
01:06:41     1000      7135   13,00    8,00    0,00    0,00   21,00     1  envoy-static
01:06:42     1000      7135   10,00   12,00    0,00    0,00   22,00     1  envoy-static
01:06:43     1000      7135   11,00   10,00    0,00    1,00   21,00     1  envoy-static
01:06:44     1000      7135   11,00   11,00    0,00    0,00   22,00     1  envoy-static
01:06:45     1000      7135   13,00    8,00    0,00    0,00   21,00     1  envoy-static
01:06:46     1000      7135   11,00   10,00    0,00    0,00   21,00     1  envoy-static
01:06:47     1000      7135   11,00   10,00    0,00    0,00   21,00     1  envoy-static
01:06:48     1000      7135   12,00   10,00    0,00    0,00   22,00     1  envoy-static
01:06:49     1000      7135   11,00   11,00    0,00    0,00   22,00     1  envoy-static
01:06:50     1000      7135   11,00   11,00    0,00    0,00   22,00     1  envoy-static
01:06:51     1000      7135   10,00   11,00    0,00    0,00   21,00     1  envoy-static
01:06:52     1000      7135   10,00   12,00    0,00    0,00   22,00     1  envoy-static
01:06:53     1000      7135   14,00    8,00    0,00    0,00   22,00     1  envoy-static
01:06:54     1000      7135   12,00   10,00    0,00    1,00   22,00     1  envoy-static
01:06:55     1000      7135   10,00   11,00    0,00    0,00   21,00     1  envoy-static
01:06:56     1000      7135   11,00   11,00    0,00    0,00   22,00     1  envoy-static
01:06:57     1000      7135   12,00   10,00    0,00    0,00   22,00     1  envoy-static
01:06:58     1000      7135   10,00   11,00    0,00    0,00   21,00     1  envoy-static
01:06:59     1000      7135   10,00   12,00    0,00    0,00   22,00     1  envoy-static
01:07:00     1000      7135   11,00   11,00    0,00    0,00   22,00     1  envoy-static
01:07:01     1000      7135   10,00   11,00    0,00    0,00   21,00     1  envoy-static
01:07:02     1000      7135   11,00   11,00    0,00    0,00   22,00     1  envoy-static
01:07:03     1000      7135   12,00   10,00    0,00    0,00   22,00     1  envoy-static
01:07:04     1000      7135   12,00    9,00    0,00    0,00   21,00     1  envoy-static
01:07:05     1000      7135   10,00   12,00    0,00    0,00   22,00     1  envoy-static
01:07:06     1000      7135   11,00   11,00    0,00    0,00   22,00     1  envoy-static
01:07:07     1000      7135   10,00   11,00    0,00    0,00   21,00     1  envoy-static
01:07:08     1000      7135   10,00   11,00    0,00    0,00   21,00     1  envoy-static
01:07:09     1000      7135   12,00   10,00    0,00    0,00   22,00     1  envoy-static
01:07:10     1000      7135    7,00   14,00    0,00    0,00   21,00     1  envoy-static
01:07:11     1000      7135   12,00   11,00    0,00    0,00   23,00     1  envoy-static
01:07:12     1000      7135    9,90   10,89    0,00    0,00   20,79     1  envoy-static
01:07:13     1000      7135   10,00   13,00    0,00    0,00   23,00     1  envoy-static
01:07:14     1000      7135   10,00   11,00    0,00    0,00   21,00     1  envoy-static
01:07:15     1000      7135   12,00   10,00    0,00    0,00   22,00     1  envoy-static
01:07:16     1000      7135   10,00   12,00    0,00    0,00   22,00     1  envoy-static
01:07:17     1000      7135   11,00   10,00    0,00    0,00   21,00     1  envoy-static
01:07:18     1000      7135   11,00   11,00    0,00    1,00   22,00     1  envoy-static
01:07:19     1000      7135   14,00    8,00    0,00    0,00   22,00     1  envoy-static
01:07:20     1000      7135   12,00   10,00    0,00    0,00   22,00     1  envoy-static
01:07:21     1000      7135   11,00   11,00    0,00    0,00   22,00     1  envoy-static
01:07:22     1000      7135   13,00    9,00    0,00    0,00   22,00     1  envoy-static
01:07:23     1000      7135   10,00   11,00    0,00    0,00   21,00     1  envoy-static
01:07:24     1000      7135   11,00   11,00    0,00    0,00   22,00     1  envoy-static
01:07:25     1000      7135   12,00   10,00    0,00    0,00   22,00     1  envoy-static
01:07:26     1000      7135   12,00   10,00    0,00    0,00   22,00     1  envoy-static
01:07:27     1000      7135   12,00   10,00    0,00    0,00   22,00     1  envoy-static
01:07:28     1000      7135   10,00   12,00    0,00    0,00   22,00     1  envoy-static
01:07:29     1000      7135    8,00    8,00    0,00    0,00   16,00     1  envoy-static
Average:     1000      7135   11,51    9,64    0,00    0,05   21,14     -  envoy-static
